*******************************************
*         Cooper Wolf                     *
*         CMPS 2143 - 101                 *
*         Program 2: Robots on Mars       *
*******************************************

-------------------------------------------
The robot collected 20 rocks
-------------------------------------------
Rock collected	 Position	 Distance (mi)
   -              (0, 0)       0.00
   3              (0, 1)       1.00
   4              (4, 7)       7.21
   5              (12, 9)       8.25
  19              (12, 12)       3.00
   8              (26, 43)      34.01
  12              (45, 54)      21.95
  10              (50, 43)      12.08
   2              (34, 65)      27.20
  20              (32, 67)       2.83
  11              (29, 65)       3.61
   6              (33, 76)      11.70
   1              (13, 76)      20.00
   9              (12, 65)      11.05
   7              (11, 90)      25.02
  14              (0, 100)      14.87
  17              (65, 89)      65.92
  18              (71, 20)      69.26
  16              (56, 10)      18.03
  13              (87, 7)      31.14
  15              (89, 23)      16.12
-------------------------------------------
The robot traveled 404.26 miles
-------------------------------------------